64
166,26236,66504,-5906,0
138,26142,66512,-16454,0
150,25993,66532,-8330,0
232,25865,66569,-1408,0
77,25884,66570,-2339,0
20,25867,66530,-1532,0
196,25861,66528,-1057,0
80,25863,66515,-1791,0
185,25883,66556,-1782,0
2,25853,66584,-1348,0
220,25816,66671,-2654,0
173,25791,66697,-4166,0
148,25821,66667,-2191,0
7,25911,66621,-4565,0
163,26133,66519,-14647,0
303,26190,66532,-10609,0
25,26193,66533,-13087,0
42,25992,66542,-5190,0
111,25886,66550,-1611,0
122,25888,66549,-2015,0
115,25860,66559,-755,0
312,25834,66558,-1017,0
52,25823,66562,-1184,0
29,25810,66591,-1526,0
269,25857,66577,-1747,0
238,25869,66542,-1109,0
158,25861,66552,-899,0
49,25860,66544,-880,0
336,25863,66536,-1463,0
192,25847,66537,-1275,0
14,25896,66499,-5193,0
313,25889,66499,-3672,0
348,25848,66502,-3309,0
3,25866,66505,-2320,0
75,25880,66491,-5117,0
190,25901,66524,-2173,0
301,25866,66543,-765,0
82,25668,66592,-2264,0
61,25442,66655,-2943,0
268,25475,66691,-11693,0
293,25560,66716,-9002,0
234,25553,66723,-11249,0
275,25553,66660,-7586,0
314,25565,66660,-9587,0
128,25696,66719,-4777,0
157,25778,66686,-3619,0
321,25861,66595,-2070,0
84,25914,66569,-2221,0
249,25985,66468,-7147,0
130,25950,66484,-2690,0
286,25962,66395,-9180,0
103,26031,66415,-9799,0
136,26103,66411,-14245,0
1,26003,66456,-11166,0
195,26014,66474,-8022,0
305,25861,66304,-8504,0
251,25816,66280,-4040,0
104,25860,66263,-18430,0
8,25864,66262,-11759,0
176,25800,66263,-21078,0
169,25778,66312,-8598,0
309,25833,66553,-1292,0
131,25825,66581,-1396,0
263,25801,66695,-3656,0
55,25686,66737,-4321,0
291,25646,66718,-3062,0
208,25728,66667,-3024,0
216,25723,66676,-2680,0
320,25570,66550,-5275,0
107,25517,66570,-9599,0
335,25551,66766,-3255,0
302,25577,66761,-7751,0
282,25667,66714,-5747,0
306,25677,66708,-3600,0
339,25728,66717,-2719,0
141,25874,66744,-11030,0
118,25922,66768,-3702,0
92,25889,66739,-10615,0
60,25877,66619,-3199,0
86,25853,66595,-1665,0
123,25890,66545,-2127,0
112,25911,66514,-3184,0
227,25830,66595,-1677,0
132,25772,66588,-1849,0
109,25690,66602,-4406,0
36,25488,66720,-8097,0
133,25465,66716,-12649,0
287,25606,66776,-10372,0
171,25676,66842,-14009,0
12,25752,66775,-8436,0
228,25825,66706,-5850,0
304,25826,66697,-4522,0
40,25749,66404,-8389,0
318,25738,66385,-12006,0
70,25763,66304,-14908,0
177,25784,66271,-10821,0
248,25858,66411,-9916,0
324,25909,66426,-4969,0
246,25868,66390,-6035,0
292,25559,66399,-31933,0
100,25559,66400,-8778,0
290,25565,66489,-20118,0
117,25583,66492,-11714,0
19,25608,66514,-7920,0
65,25728,66600,-2452,0
235,25728,66593,-3511,0
256,25653,66444,-8377,0
35,25564,66443,-12152,0
277,25704,66611,-3425,0
96,25737,66601,-2426,0
21,25732,66583,-2798,0
24,25771,66548,-3248,0
172,25793,66653,-1849,0
326,25849,66513,-2002,0
187,25809,66419,-2777,0
126,25718,66450,-6028,0
239,25763,66516,-2973,0
259,25757,66602,-1897,0
164,25754,66640,-2247,0
347,25768,66656,-2830,0
67,25755,66684,-2870,0
147,25385,66658,-21714,0
31,25429,66577,-14625,0
120,25550,66464,-14933,0
253,25559,66400,-8827,0
69,25831,66509,-2322,0
278,25869,66546,-1115,0
182,26014,66660,-6601,0
34,26202,66850,-19148,0
45,26193,66953,-21773,0
345,26120,66779,-34828,0
22,26238,66707,-17213,0
183,26191,66559,-10691,0
229,26161,66514,-3046,0
342,26081,66377,-27713,0
13,26105,66507,-21198,0
53,25955,66625,-3534,0
330,25819,66728,-3448,0
225,25447,66760,-11327,0
167,25418,66771,-14734,0
32,25326,66746,-17869,0
127,25363,66766,-14768,0
315,25492,66852,-12457,0
143,25601,66752,-5925,0
236,25601,66771,-9609,0
310,25745,66604,-2611,0
184,25472,66530,-12208,0
162,25482,66565,-10097,0
231,25538,66503,-2962,0
333,25437,66736,-10249,0
85,25317,66887,-18094,0
338,25442,66655,-2696,0
186,25420,66692,-18365,0
145,25658,66834,-7817,0
155,25625,66811,-5029,0
161,25563,66900,-12924,0
178,25593,67135,-23275,0
47,25941,67164,-1000,0
124,26032,67129,-14432,0
308,26039,67107,-42360,0
28,26032,67030,-8664,0
289,26052,67026,-33188,0
254,26018,67071,-4128,0
316,26053,67016,-18825,0
222,26104,66996,-36881,0
206,25974,66988,-3784,0
5,25335,66885,-19505,0
237,25373,66821,-3721,0
142,25333,66736,-16538,0
258,25418,66978,-4088,0
15,25668,66929,-23096,0
223,25897,66883,-4937,0
331,25632,66982,-3942,0
129,25707,66439,-8066,0
37,25762,66354,-4649,0
189,25741,66124,-20317,0
307,25618,67080,-5409,0
294,25728,66830,-11439,0
51,25868,66943,-7924,0
337,26062,66345,-14267,0
95,25982,66319,-12713,0
260,25737,66177,-14057,0
17,25505,66671,-5055,0
98,26270,66501,-29884,0
74,25311,66800,-18541,0
323,25927,66130,-2608,0
298,25807,66268,-17280,0
344,25800,66126,-4515,0
140,25744,66118,-34499,0
188,25758,66101,-22668,0
71,25864,66271,-6501,0
280,26052,66264,-4846,0
50,26188,66432,-13653,0
73,26100,66496,-11612,0
243,26301,66744,-22130,0
90,25694,66859,-7568,0
233,25494,66910,-13922,0
204,25374,66885,-9437,0
317,26139,66719,-3016,0
267,26262,66522,-3908,0
153,26244,66422,-33053,0
97,26252,66426,-17312,0
9,26258,66490,-28558,0
264,26055,66767,-19357,0
64,25785,66253,-4133,0
4,26232,66430,-5749,0
221,26062,66434,-10085,0
217,26090,66526,-2332,0
181,26384,66755,-1775,0
119,25712,66198,-15372,0
135,25948,66373,-9969,0
276,26198,66752,-3640,0
94,25524,66854,-8770,0
215,25637,66776,-8061,0
27,25572,67107,-66481,0
211,25711,67026,-34930,0
299,25715,67000,-17039,0
110,25578,66807,-3479,0
46,25731,66917,-3213,0
241,25406,66491,-4227,0
108,25470,66528,-9957,0
209,26103,66816,-3775,0
116,26125,66751,-13824,0
230,26076,66886,-4326,0
26,25929,66959,-18101,0
179,26276,66563,-16432,0
139,26330,66526,-22048,0
41,26347,66549,-4298,0
257,26231,66532,-14238,0
88,26106,66467,-3804,0
213,25564,66610,-2286,0
18,25587,66699,-3661,0
244,25700,66819,-7624,0
218,25598,66875,-18328,0
10,25468,66859,-9572,0
191,25388,66511,-31763,0
58,25396,66535,-42843,0
134,25721,66774,-4854,0
255,25891,66930,-45264,0
273,25682,66222,-24671,0
54,25711,66235,-5136,0
168,25998,66208,-20607,0
99,25934,66239,-14759,0
39,25849,66114,-20265,0
151,25844,66022,-2746,0
202,25700,66819,-6949,0
159,26012,66742,-3163,0
83,25427,66525,-7861,0
296,26376,66606,-3896,0
250,26147,66529,-6146,0
144,25856,66790,-5233,0
194,25909,66254,-23035,0
210,26230,66923,-24534,0
114,26230,66872,-21048,0
89,25647,66459,-7545,0
274,25483,66861,-11894,0
81,25519,66866,-11594,0
197,25440,66943,-21445,0
121,25423,66890,-16629,0
165,25474,66925,-26295,0
283,25385,66685,-16511,0
91,25265,66810,-39183,0
199,25617,66190,-3587,0
205,25760,66054,-23426,0
271,25736,66181,-16028,0
201,25982,66372,-3591,0
200,26003,66305,-24124,0
288,26121,66391,-13371,0
156,25447,66385,-21315,0
226,25481,66333,-4273,0
262,25975,66215,-20576,0
149,25973,66515,-3824,0
38,26271,66659,-18506,0
68,26308,66541,-21302,0
59,25848,66856,-10491,0
146,25765,66857,-5841,0
214,25667,66891,-10872,0
62,26037,66811,-12797,0
328,25732,67025,-18794,0
311,25610,66922,-8207,0
33,25406,66394,-20187,0
281,25327,66735,-27041,0
219,25377,66715,-11368,0
203,25468,66859,-8432,0
6,25469,66866,-21228,0
252,25382,66670,-14518,0
154,25542,67066,-4969,0
343,25401,66912,-34210,0
340,25806,66856,-11836,0
30,26052,66857,-17111,0
113,25799,66791,-4508,0
240,25787,66841,-15768,0
295,26215,66530,-14385,0
327,26057,66615,-14905,0
297,25527,66720,-4317,0
66,25402,66617,-9968,0
23,25308,66576,-3393,0
341,25610,66330,-14267,0
102,25949,66382,-13252,0
43,26201,66554,-12990,0
170,26290,66559,-45606,0
72,26100,66496,-11047,0
265,25395,66711,-18223,0
325,25435,66790,-11177,0
300,25538,66503,-2947,0
152,25607,66270,-4843,0
212,25531,66359,-18500,0
224,25801,66147,-16092,0
247,25653,66166,-17322,0
332,25859,66154,-33630,0
334,25649,66179,-34335,0
56,26118,66334,-4760,0
76,26293,66675,-37991,0
63,25881,66464,-3367,0
101,25939,66291,-3443,0
319,25872,66317,-7739,0
270,25716,66291,-2859,0
346,25881,66464,-3308,0
105,25650,66263,-16622,0
245,25379,66689,-16061,0
242,25659,66767,-4911,0
279,25295,66788,-19236,0
44,25265,66811,-20590,0
322,25243,66807,-6459,0
207,25423,66563,-14032,0
11,26143,66791,-17464,0
193,25710,66185,-15733,0
16,25657,66224,-28408,0
79,25766,66707,-3518,0
106,25881,66464,-3318,0
266,25683,67000,-17684,0
261,25851,66855,-10421,0
174,26098,66975,-18771,0
198,26053,66873,-25020,0
137,26272,66699,-35529,0
160,26320,66616,-21430,0
57,25910,66478,-5808,0
180,25812,66143,-34769,0
125,26296,66586,-19728,0
272,26071,66621,-8531,0
87,25655,66322,-12054,0
329,25894,66176,-17881,0
93,26117,66498,-6429,0
284,26193,66425,-14824,0
175,25827,66565,-1076,0
48,26043,67116,-44342,0
285,25868,66943,-7950,0
78,26136,66993,-4634,0
