33
17,25505,66671,0,0
216,25723,66676,0,0
208,25728,66667,0,0
29,25810,66591,0,0
131,25825,66581,0,0
2,25853,66584,0,0
227,25830,66595,0,0
220,25816,66671,0,0
148,25821,66667,0,0
293,25560,66716,0,0
297,25527,66720,0,0
133,25465,66716,0,0
225,25447,66760,0,0
186,25420,66692,0,0
36,25488,66720,0,0
347,25768,66656,0,0
172,25793,66653,0,0
79,25766,66707,0,0
55,25686,66737,0,0
242,25659,66767,0,0
282,25667,66714,0,0
306,25677,66708,0,0
291,25646,66718,0,0
268,25475,66691,0,0
265,25395,66711,0,0
219,25377,66715,0,0
167,25418,66771,0,0
325,25435,66790,0,0
245,25379,66689,0,0
61,25442,66655,0,0
162,25482,66565,0,0
107,25517,66570,0,0
117,25583,66492,0,0
19,25608,66514,0,0
239,25763,66516,0,0
69,25831,66509,0,0
326,25849,66513,0,0
80,25863,66515,0,0
304,25826,66697,0,0
92,25889,66739,0,0
159,26012,66742,0,0
30,26052,66857,0,0
198,26053,66873,0,0
222,26104,66996,0,0
174,26098,66975,0,0
7,25911,66621,0,0
158,25861,66552,0,0
336,25863,66536,0,0
196,25861,66528,0,0
126,25718,66450,0,0
129,25707,66439,0,0
89,25647,66459,0,0
318,25738,66385,0,0
40,25749,66404,0,0
290,25565,66489,0,0
320,25570,66550,0,0
213,25564,66610,0,0
314,25565,66660,0,0
277,25704,66611,0,0
235,25728,66593,0,0
21,25732,66583,0,0
96,25737,66601,0,0
310,25745,66604,0,0
259,25757,66602,0,0
275,25553,66660,0,0
234,25553,66723,0,0
302,25577,66761,0,0
236,25601,66771,0,0
143,25601,66752,0,0
287,25606,66776,0,0
155,25625,66811,0,0
335,25551,66766,0,0
94,25524,66854,0,0
274,25483,66861,0,0
315,25492,66852,0,0
81,25519,66866,0,0
6,25469,66866,0,0
203,25468,66859,0,0
283,25385,66685,0,0
147,25385,66658,0,0
142,25333,66736,0,0
32,25326,66746,0,0
333,25437,66736,0,0
215,25637,66776,0,0
145,25658,66834,0,0
90,25694,66859,0,0
311,25610,66922,0,0
218,25598,66875,0,0
214,25667,66891,0,0
294,25728,66830,0,0
146,25765,66857,0,0
206,25974,66988,0,0
48,26043,67116,0,0
124,26032,67129,0,0
254,26018,67071,0,0
308,26039,67107,0,0
28,26032,67030,0,0
289,26052,67026,0,0
316,26053,67016,0,0
232,25865,66569,0,0
115,25860,66559,0,0
49,25860,66544,0,0
238,25869,66542,0,0
122,25888,66549,0,0
123,25890,66545,0,0
14,25896,66499,0,0
57,25910,66478,0,0
286,25962,66395,0,0
201,25982,66372,0,0
95,25982,66319,0,0
101,25939,66291,0,0
200,26003,66305,0,0
288,26121,66391,0,0
9,26258,66490,0,0
267,26262,66522,0,0
179,26276,66563,0,0
183,26191,66559,0,0
217,26090,66526,0,0
150,25993,66532,0,0
149,25973,66515,0,0
249,25985,66468,0,0
1,26003,66456,0,0
103,26031,66415,0,0
342,26081,66377,0,0
221,26062,66434,0,0
88,26106,66467,0,0
25,26193,66533,0,0
295,26215,66530,0,0
166,26236,66504,0,0
170,26290,66559,0,0
257,26231,66532,0,0
303,26190,66532,0,0
250,26147,66529,0,0
50,26188,66432,0,0
97,26252,66426,0,0
4,26232,66430,0,0
284,26193,66425,0,0
13,26105,66507,0,0
130,25950,66484,0,0
106,25881,66464,0,0
313,25889,66499,0,0
190,25901,66524,0,0
84,25914,66569,0,0
60,25877,66619,0,0
132,25772,66588,0,0
339,25728,66717,0,0
67,25755,66684,0,0
173,25791,66697,0,0
321,25861,66595,0,0
185,25883,66556,0,0
77,25884,66570,0,0
111,25886,66550,0,0
278,25869,66546,0,0
75,25880,66491,0,0
309,25833,66553,0,0
312,25834,66558,0,0
52,25823,66562,0,0
175,25827,66565,0,0
3,25866,66505,0,0
301,25866,66543,0,0
348,25848,66502,0,0
192,25847,66537,0,0
20,25867,66530,0,0
70,25763,66304,0,0
270,25716,66291,0,0
334,25649,66179,0,0
16,25657,66224,0,0
273,25682,66222,0,0
54,25711,66235,0,0
65,25728,66600,0,0
109,25690,66602,0,0
248,25858,66411,0,0
246,25868,66390,0,0
176,25800,66263,0,0
177,25784,66271,0,0
169,25778,66312,0,0
105,25650,66263,0,0
184,25472,66530,0,0
108,25470,66528,0,0
207,25423,66563,0,0
58,25396,66535,0,0
66,25402,66617,0,0
110,25578,66807,0,0
331,25632,66982,0,0
266,25683,67000,0,0
211,25711,67026,0,0
328,25732,67025,0,0
51,25868,66943,0,0
261,25851,66855,0,0
157,25778,66686,0,0
35,25564,66443,0,0
100,25559,66400,0,0
292,25559,66399,0,0
212,25531,66359,0,0
152,25607,66270,0,0
251,25816,66280,0,0
71,25864,66271,0,0
8,25864,66262,0,0
262,25975,66215,0,0
99,25934,66239,0,0
305,25861,66304,0,0
319,25872,66317,0,0
324,25909,66426,0,0
102,25949,66382,0,0
136,26103,66411,0,0
138,26142,66512,0,0
72,26100,66496,0,0
42,25992,66542,0,0
86,25853,66595,0,0
269,25857,66577,0,0
134,25721,66774,0,0
202,25700,66819,0,0
113,25799,66791,0,0
144,25856,66790,0,0
164,25754,66640,0,0
263,25801,66695,0,0
330,25819,66728,0,0
53,25955,66625,0,0
163,26133,66519,0,0
125,26296,66586,0,0
160,26320,66616,0,0
68,26308,66541,0,0
317,26139,66719,0,0
116,26125,66751,0,0
346,25881,66464,0,0
104,25860,66263,0,0
329,25894,66176,0,0
344,25800,66126,0,0
205,25760,66054,0,0
180,25812,66143,0,0
188,25758,66101,0,0
193,25710,66185,0,0
120,25550,66464,0,0
233,25494,66910,0,0
15,25668,66929,0,0
204,25374,66885,0,0
121,25423,66890,0,0
165,25474,66925,0,0
231,25538,66503,0,0
298,25807,66268,0,0
119,25712,66198,0,0
229,26161,66514,0,0
43,26201,66554,0,0
38,26271,66659,0,0
22,26238,66707,0,0
195,26014,66474,0,0
243,26301,66744,0,0
5,25335,66885,0,0
154,25542,67066,0,0
171,25676,66842,0,0
18,25587,66699,0,0
226,25481,66333,0,0
191,25388,66511,0,0
151,25844,66022,0,0
140,25744,66118,0,0
189,25741,66124,0,0
199,25617,66190,0,0
256,25653,66444,0,0
26,25929,66959,0,0
285,25868,66943,0,0
114,26230,66872,0,0
337,26062,66345,0,0
323,25927,66130,0,0
341,25610,66330,0,0
91,25265,66810,0,0
85,25317,66887,0,0
307,25618,67080,0,0
258,25418,66978,0,0
340,25806,66856,0,0
135,25948,66373,0,0
128,25696,66719,0,0
153,26244,66422,0,0
209,26103,66816,0,0
12,25752,66775,0,0
240,25787,66841,0,0
210,26230,66923,0,0
137,26272,66699,0,0
230,26076,66886,0,0
276,26198,66752,0,0
345,26120,66779,0,0
62,26037,66811,0,0
45,26193,66953,0,0
34,26202,66850,0,0
332,25859,66154,0,0
64,25785,66253,0,0
11,26143,66791,0,0
47,25941,67164,0,0
46,25731,66917,0,0
31,25429,66577,0,0
244,25700,66819,0,0
299,25715,67000,0,0
27,25572,67107,0,0
74,25311,66800,0,0
44,25265,66811,0,0
237,25373,66821,0,0
281,25327,66735,0,0
271,25736,66181,0,0
260,25737,66177,0,0
33,25406,66394,0,0
37,25762,66354,0,0
247,25653,66166,0,0
156,25447,66385,0,0
23,25308,66576,0,0
343,25401,66912,0,0
228,25825,66706,0,0
264,26055,66767,0,0
197,25440,66943,0,0
338,25442,66655,0,0
178,25593,67135,0,0
63,25881,66464,0,0
322,25243,66807,0,0
56,26118,66334,0,0
98,26270,66501,0,0
280,26052,66264,0,0
168,25998,66208,0,0
194,25909,66254,0,0
39,25849,66114,0,0
224,25801,66147,0,0
253,25559,66400,0,0
82,25668,66592,0,0
87,25655,66322,0,0
279,25295,66788,0,0
127,25363,66766,0,0
10,25468,66859,0,0
252,25382,66670,0,0
59,25848,66856,0,0
182,26014,66660,0,0
78,26136,66993,0,0
255,25891,66930,0,0
223,25897,66883,0,0
161,25563,66900,0,0
24,25771,66548,0,0
300,25538,66503,0,0
83,25427,66525,0,0
139,26330,66526,0,0
141,25874,66744,0,0
118,25922,66768,0,0
112,25911,66514,0,0
187,25809,66419,0,0
241,25406,66491,0,0
272,26071,66621,0,0
327,26057,66615,0,0
93,26117,66498,0,0
296,26376,66606,0,0
76,26293,66675,0,0
73,26100,66496,0,0
41,26347,66549,0,0
181,26384,66755,0,0
