172
123,25890,66545,118579,0
199,25617,66190,129658,0
334,25649,66179,-170464,0
247,25653,66166,93474,0
16,25657,66224,40298,0
273,25682,66222,-2878,0
193,25710,66185,94936,0
119,25712,66198,67229,0
260,25737,66177,92904,0
271,25736,66181,91658,0
189,25741,66124,49397,0
140,25744,66118,-100759,0
188,25758,66101,53836,0
205,25760,66054,-151552,0
344,25800,66126,110895,0
180,25812,66143,-136879,0
224,25801,66147,91766,0
39,25849,66114,9976,0
332,25859,66154,31311,0
329,25894,66176,48865,0
323,25927,66130,115937,0
8,25864,66262,103306,0
104,25860,66263,28159,0
176,25800,66263,43599,0
298,25807,66268,58932,0
64,25785,66253,108607,0
177,25784,66271,77418,0
169,25778,66312,109807,0
70,25763,66304,57542,0
319,25872,66317,111280,0
305,25861,66304,107539,0
194,25909,66254,18489,0
99,25934,66239,110942,0
262,25975,66215,77781,0
168,25998,66208,59585,0
200,26003,66305,36506,0
95,25982,66319,107386,0
342,26081,66377,20807,0
288,26121,66391,92080,0
136,26103,66411,109075,0
72,26100,66496,64699,0
13,26105,66507,42298,0
163,26133,66519,86351,0
138,26142,66512,86902,0
229,26161,66514,127937,0
25,26193,66533,126877,0
303,26190,66532,118284,0
43,26201,66554,120496,0
183,26191,66559,115966,0
295,26215,66530,101014,0
257,26231,66532,103127,0
166,26236,66504,110595,0
98,26270,66501,-33909,0
9,26258,66490,-29414,0
170,26290,66559,-179408,0
179,26276,66563,75257,0
125,26296,66586,77538,0
160,26320,66616,-62398,0
41,26347,66549,102852,0
139,26330,66526,-78061,0
68,26308,66541,65037,0
267,26262,66522,126819,0
4,26232,66430,142157,0
153,26244,66422,-104013,0
97,26252,66426,75285,0
50,26188,66432,105489,0
284,26193,66425,86544,0
195,26014,66474,113982,0
1,26003,66456,100385,0
249,25985,66468,123883,0
130,25950,66484,115246,0
149,25973,66515,131786,0
42,25992,66542,112944,0
150,25993,66532,103040,0
112,25911,66514,119707,0
190,25901,66524,118859,0
238,25869,66542,133075,0
301,25866,66543,133306,0
115,25860,66559,136858,0
232,25865,66569,121246,0
269,25857,66577,122010,0
2,25853,66584,121152,0
86,25853,66595,123714,0
321,25861,66595,136517,0
131,25825,66581,138544,0
227,25830,66595,122961,0
158,25861,66552,121946,0
49,25860,66544,138718,0
20,25867,66530,125650,0
196,25861,66528,120740,0
3,25866,66505,119086,0
80,25863,66515,118350,0
348,25848,66502,127888,0
326,25849,66513,120133,0
75,25880,66491,152848,0
313,25889,66499,139551,0
14,25896,66499,127210,0
57,25910,66478,115451,0
106,25881,66464,105810,0
192,25847,66537,119148,0
69,25831,66509,121679,0
111,25886,66550,133318,0
185,25883,66556,124264,0
24,25771,66548,125410,0
239,25763,66516,123280,0
21,25732,66583,122257,0
65,25728,66600,119633,0
235,25728,66593,137618,0
310,25745,66604,128383,0
96,25737,66601,125239,0
164,25754,66640,120063,0
347,25768,66656,135737,0
148,25821,66667,116498,0
220,25816,66671,119581,0
304,25826,66697,123191,0
228,25825,66706,129630,0
92,25889,66739,126283,0
141,25874,66744,129119,0
134,25721,66774,120537,0
12,25752,66775,112419,0
244,25700,66819,97303,0
90,25694,66859,108282,0
214,25667,66891,107425,0
15,25668,66929,17941,0
211,25711,67026,-25217,0
299,25715,67000,94593,0
236,25601,66771,121293,0
287,25606,66776,105715,0
234,25553,66723,102628,0
293,25560,66716,110134,0
18,25587,66699,122689,0
314,25565,66660,91452,0
275,25553,66660,113930,0
215,25637,66776,108470,0
242,25659,66767,120878,0
155,25625,66811,120999,0
171,25676,66842,90423,0
145,25658,66834,112025,0
146,25765,66857,125836,0
240,25787,66841,87854,0
340,25806,66856,118536,0
255,25891,66930,-39757,0
285,25868,66943,99337,0
28,26032,67030,74798,0
316,26053,67016,14479,0
289,26052,67026,-155619,0
230,26076,66886,128408,0
30,26052,66857,80856,0
198,26053,66873,-25342,0
62,26037,66811,94294,0
264,26055,66767,34091,0
345,26120,66779,-10930,0
11,26143,66791,95775,0
116,26125,66751,82705,0
317,26139,66719,112242,0
137,26272,66699,73067,0
76,26293,66675,-61423,0
38,26271,66659,50549,0
22,26238,66707,8113,0
210,26230,66923,64655,0
45,26193,66953,-5707,0
174,26098,66975,67266,0
222,26104,66996,-229678,0
48,26043,67116,-111268,0
308,26039,67107,-296534,0
128,25696,66719,124584,0
55,25686,66737,118278,0
282,25667,66714,121131,0
291,25646,66718,124793,0
110,25578,66807,118098,0
197,25440,66943,38735,0
322,25243,66807,139559,0
23,25308,66576,134502,0
120,25550,66464,89258,0
35,25564,66443,94076,0
290,25565,66489,61118,0
231,25538,66503,128133,0
256,25653,66444,129202,0
89,25647,66459,126822,0
37,25762,66354,127320,0
142,25333,66736,74859,0
281,25327,66735,-38851,0
32,25326,66746,78245,0
127,25363,66766,14329,0
237,25373,66821,111804,0
66,25402,66617,79730,0
121,25423,66890,87039,0
343,25401,66912,-79992,0
204,25374,66885,129939,0
258,25418,66978,123068,0
245,25379,66689,104527,0
283,25385,66685,95348,0
191,25388,66511,24320,0
203,25468,66859,90627,0
87,25655,66322,111563,0
341,25610,66330,101644,0
212,25531,66359,49148,0
226,25481,66333,144928,0
209,26103,66816,101296,0
254,26018,67071,41931,0
78,26136,66993,136805,0
124,26032,67129,-207445,0
47,25941,67164,138985,0
272,26071,66621,108409,0
159,26012,66742,123554,0
324,25909,66426,122004,0
346,25881,66464,106909,0
79,25766,66707,122064,0
339,25728,66717,120347,0
113,25799,66791,118248,0
311,25610,66922,125452,0
108,25470,66528,113934,0
184,25472,66530,109253,0
33,25406,66394,79325,0
156,25447,66385,67423,0
147,25385,66658,10907,0
252,25382,66670,100131,0
333,25437,66736,128341,0
225,25447,66760,128430,0
81,25519,66866,101532,0
94,25524,66854,114663,0
165,25474,66925,81813,0
233,25494,66910,81151,0
85,25317,66887,66855,0
5,25335,66885,38249,0
279,25295,66788,3787,0
74,25311,66800,83033,0
31,25429,66577,90339,0
207,25423,66563,92610,0
219,25377,66715,100435,0
265,25395,66711,57904,0
331,25632,66982,88716,0
178,25593,67135,-19932,0
143,25601,66752,129268,0
336,25863,66536,125210,0
241,25406,66491,125157,0
187,25809,66419,123001,0
40,25749,66404,118016,0
318,25738,66385,93276,0
109,25690,66602,128608,0
82,25668,66592,124709,0
248,25858,66411,106471,0
246,25868,66390,117429,0
71,25864,66271,132390,0
101,25939,66291,124863,0
221,26062,66434,117402,0
103,26031,66415,117912,0
217,26090,66526,123861,0
152,25607,66270,117650,0
105,25650,66263,46441,0
36,25488,66720,100335,0
133,25465,66716,79006,0
261,25851,66855,91853,0
59,25848,66856,103784,0
206,25974,66988,98068,0
26,25929,66959,11173,0
223,25897,66883,113293,0
51,25868,66943,102350,0
144,25856,66790,118903,0
118,25922,66768,125608,0
7,25911,66621,131764,0
60,25877,66619,127843,0
63,25881,66464,109609,0
151,25844,66022,149959,0
280,26052,66264,124782,0
117,25583,66492,114072,0
300,25538,66503,127004,0
58,25396,66535,-79998,0
83,25427,66525,116654,0
302,25577,66761,98288,0
335,25551,66766,119685,0
172,25793,66653,123205,0
330,25819,66728,125009,0
278,25869,66546,121286,0
122,25888,66549,139110,0
88,26106,66467,126125,0
114,26230,66872,86233,0
34,26202,66850,78273,0
276,26198,66752,110944,0
277,25704,66611,122268,0
243,26301,66744,-36430,0
181,26384,66755,132009,0
296,26376,66606,114521,0
6,25469,66866,6596,0
10,25468,66859,91018,0
294,25728,66830,96661,0
46,25731,66917,120848,0
202,25700,66819,98389,0
61,25442,66655,109722,0
53,25955,66625,120674,0
77,25884,66570,139677,0
84,25914,66569,120026,0
337,26062,66345,114069,0
56,26118,66334,129722,0
186,25420,66692,-8091,0
338,25442,66655,110725,0
161,25563,66900,118337,0
218,25598,66875,40143,0
306,25677,66708,123782,0
216,25723,66676,119376,0
208,25728,66667,119238,0
157,25778,66686,156015,0
67,25755,66684,120426,0
175,25827,66565,126288,0
52,25823,66562,122093,0
135,25948,66373,108024,0
102,25949,66382,118296,0
286,25962,66395,133389,0
201,25982,66372,128563,0
327,26057,66615,74087,0
182,26014,66660,124539,0
29,25810,66591,122603,0
263,25801,66695,118786,0
173,25791,66697,128042,0
19,25608,66514,108166,0
107,25517,66570,109952,0
162,25482,66565,120012,0
320,25570,66550,97659,0
213,25564,66610,122134,0
126,25718,66450,129785,0
129,25707,66439,133980,0
259,25757,66602,129509,0
132,25772,66588,114503,0
312,25834,66558,124097,0
309,25833,66553,125629,0
251,25816,66280,120293,0
93,26117,66498,103896,0
250,26147,66529,123539,0
266,25683,67000,22099,0
328,25732,67025,74756,0
154,25542,67066,101846,0
27,25572,67107,-517657,0
307,25618,67080,98506,0
325,25435,66790,117663,0
167,25418,66771,120522,0
268,25475,66691,79278,0
17,25505,66671,109896,0
315,25492,66852,113445,0
274,25483,66861,88723,0
297,25527,66720,123948,0
44,25265,66811,93467,0
91,25265,66810,-284914,0
73,26100,66496,66246,0
100,25559,66400,88025,0
292,25559,66399,49797,0
253,25559,66400,90147,0
54,25711,66235,99079,0
270,25716,66291,113294,0
