311
8,25864,66262,92079,0
204,25374,66885,115173,0
343,25401,66912,-72103,0
121,25423,66890,76947,0
10,25468,66859,80015,0
6,25469,66866,3680,0
315,25492,66852,101427,0
94,25524,66854,103842,0
81,25519,66866,89005,0
233,25494,66910,72802,0
165,25474,66925,73050,0
161,25563,66900,103694,0
218,25598,66875,36075,0
214,25667,66891,95379,0
15,25668,66929,16858,0
266,25683,67000,18679,0
331,25632,66982,78457,0
27,25572,67107,-463923,0
178,25593,67135,-14552,0
171,25676,66842,76651,0
145,25658,66834,96432,0
202,25700,66819,85930,0
294,25728,66830,85530,0
134,25721,66774,105348,0
12,25752,66775,99018,0
240,25787,66841,77207,0
340,25806,66856,103978,0
59,25848,66856,92315,0
261,25851,66855,82648,0
51,25868,66943,90205,0
255,25891,66930,-41912,0
26,25929,66959,10949,0
206,25974,66988,89630,0
28,26032,67030,62968,0
316,26053,67016,12398,0
289,26052,67026,-141265,0
254,26018,67071,36195,0
48,26043,67116,-101414,0
308,26039,67107,-263150,0
113,25799,66791,104311,0
141,25874,66744,112788,0
144,25856,66790,106226,0
92,25889,66739,113959,0
118,25922,66768,111895,0
228,25825,66706,113186,0
304,25826,66697,107839,0
263,25801,66695,102889,0
173,25791,66697,111998,0
96,25737,66601,112518,0
310,25745,66604,114958,0
259,25757,66602,115156,0
235,25728,66593,121660,0
65,25728,66600,106633,0
21,25732,66583,109389,0
277,25704,66611,107167,0
109,25690,66602,112238,0
282,25667,66714,107645,0
306,25677,66708,109791,0
215,25637,66776,95706,0
236,25601,66771,105781,0
287,25606,66776,93216,0
335,25551,66766,105341,0
293,25560,66716,97234,0
234,25553,66723,88495,0
18,25587,66699,106609,0
275,25553,66660,98498,0
314,25565,66660,77234,0
17,25505,66671,98896,0
297,25527,66720,108383,0
36,25488,66720,89527,0
133,25465,66716,71174,0
186,25420,66692,-10711,0
283,25385,66685,86000,0
245,25379,66689,92286,0
219,25377,66715,88163,0
265,25395,66711,52466,0
281,25327,66735,-33310,0
142,25333,66736,66326,0
32,25326,66746,66432,0
127,25363,66766,6746,0
167,25418,66771,106126,0
325,25435,66790,101702,0
74,25311,66800,75940,0
279,25295,66788,3458,0
44,25265,66811,83889,0
91,25265,66810,-252822,0
58,25396,66535,-71146,0
191,25388,66511,17521,0
162,25482,66565,104638,0
107,25517,66570,97563,0
117,25583,66492,101299,0
290,25565,66489,51781,0
120,25550,66464,78187,0
35,25564,66443,82914,0
100,25559,66400,76896,0
292,25559,66399,43229,0
256,25653,66444,114708,0
89,25647,66459,112879,0
129,25707,66439,116448,0
126,25718,66450,113733,0
40,25749,66404,101245,0
318,25738,66385,83306,0
248,25858,66411,92173,0
246,25868,66390,102737,0
75,25880,66491,135795,0
313,25889,66499,122715,0
14,25896,66499,112393,0
80,25863,66515,103962,0
3,25866,66505,104874,0
326,25849,66513,106272,0
348,25848,66502,113110,0
49,25860,66544,123922,0
301,25866,66543,118699,0
238,25869,66542,117485,0
115,25860,66559,121887,0
158,25861,66552,108908,0
232,25865,66569,107954,0
269,25857,66577,109139,0
2,25853,66584,107902,0
86,25853,66595,110508,0
321,25861,66595,120124,0
227,25830,66595,110226,0
131,25825,66581,124529,0
122,25888,66549,125425,0
111,25886,66550,118882,0
149,25973,66515,116127,0
150,25993,66532,89972,0
42,25992,66542,98998,0
195,26014,66474,100449,0
1,26003,66456,88631,0
103,26031,66415,105220,0
221,26062,66434,104642,0
73,26100,66496,58534,0
13,26105,66507,38940,0
72,26100,66496,59904,0
88,26106,66467,111212,0
138,26142,66512,76803,0
163,26133,66519,77178,0
250,26147,66529,106792,0
229,26161,66514,112634,0
303,26190,66532,103694,0
25,26193,66533,111176,0
43,26201,66554,106519,0
183,26191,66559,101785,0
170,26290,66559,-158055,0
68,26308,66541,57383,0
125,26296,66586,70555,0
160,26320,66616,-50642,0
76,26293,66675,-56869,0
38,26271,66659,46882,0
114,26230,66872,76856,0
34,26202,66850,70295,0
198,26053,66873,-23007,0
30,26052,66857,74592,0
230,26076,66886,114842,0
222,26104,66996,-197886,0
174,26098,66975,60341,0
78,26136,66993,122779,0
210,26230,66923,59261,0
45,26193,66953,-976,0
11,26143,66791,81919,0
345,26120,66779,-13182,0
116,26125,66751,71133,0
317,26139,66719,100744,0
276,26198,66752,96710,0
137,26272,66699,62621,0
22,26238,66707,5548,0
267,26262,66522,109310,0
179,26276,66563,68640,0
209,26103,66816,87470,0
62,26037,66811,83438,0
135,25948,66373,95127,0
102,25949,66382,105823,0
329,25894,66176,39143,0
323,25927,66130,101043,0
224,25801,66147,82027,0
205,25760,66054,-139832,0
151,25844,66022,130900,0
105,25650,66263,36663,0
152,25607,66270,101174,0
19,25608,66514,92549,0
320,25570,66550,85877,0
223,25897,66883,99550,0
285,25868,66943,87979,0
182,26014,66660,111493,0
172,25793,66653,107845,0
309,25833,66553,110848,0
312,25834,66558,109858,0
37,25762,66354,113567,0
187,25809,66419,108117,0
29,25810,66591,109608,0
231,25538,66503,112067,0
132,25772,66588,100540,0
278,25869,66546,107017,0
71,25864,66271,117930,0
104,25860,66263,23381,0
119,25712,66198,60953,0
193,25710,66185,84344,0
334,25649,66179,-144186,0
247,25653,66166,81070,0
347,25768,66656,117002,0
164,25754,66640,104222,0
199,25617,66190,116482,0
244,25700,66819,85332,0
300,25538,66503,112029,0
61,25442,66655,98356,0
268,25475,66691,71931,0
108,25470,66528,101313,0
184,25472,66530,97250,0
33,25406,66394,70053,0
156,25447,66385,57329,0
16,25657,66224,37826,0
273,25682,66222,-2559,0
54,25711,66235,87119,0
177,25784,66271,66363,0
64,25785,66253,95819,0
136,26103,66411,98353,0
288,26121,66391,80781,0
97,26252,66426,63415,0
153,26244,66422,-101833,0
257,26231,66532,90805,0
295,26215,66530,88737,0
217,26090,66526,110301,0
93,26117,66498,91781,0
90,25694,66859,97312,0
311,25610,66922,111735,0
5,25335,66885,30047,0
237,25373,66821,98126,0
212,25531,66359,42312,0
253,25559,66400,75818,0
176,25800,66263,35009,0
270,25716,66291,98966,0
226,25481,66333,126387,0
189,25741,66124,47053,0
56,26118,66334,114167,0
284,26193,66425,76528,0
50,26188,66432,91843,0
157,25778,66686,136201,0
67,25755,66684,105809,0
128,25696,66719,109522,0
339,25728,66717,106675,0
110,25578,66807,103105,0
155,25625,66811,106539,0
46,25731,66917,107948,0
146,25765,66857,111084,0
264,26055,66767,31845,0
159,26012,66742,108224,0
243,26301,66744,-28991,0
181,26384,66755,117390,0
342,26081,66377,20271,0
337,26062,66345,102145,0
332,25859,66154,27462,0
39,25849,66114,8827,0
180,25812,66143,-118058,0
344,25800,66126,96961,0
24,25771,66548,109648,0
239,25763,66516,108163,0
124,26032,67129,-177099,0
47,25941,67164,122879,0
98,26270,66501,-30476,0
9,26258,66490,-28927,0
166,26236,66504,99279,0
139,26330,66526,-61884,0
41,26347,66549,88361,0
296,26376,66606,97917,0
55,25686,66737,104241,0
242,25659,66767,107096,0
211,25711,67026,-24761,0
328,25732,67025,64946,0
299,25715,67000,82158,0
307,25618,67080,83691,0
154,25542,67066,88865,0
302,25577,66761,86063,0
143,25601,66752,114748,0
225,25447,66760,114979,0
333,25437,66736,115193,0
85,25317,66887,60342,0
322,25243,66807,123697,0
208,25728,66667,104122,0
216,25723,66676,103690,0
298,25807,66268,50330,0
251,25816,66280,105525,0
262,25975,66215,67332,0
168,25998,66208,51834,0
200,26003,66305,30597,0
95,25982,66319,96130,0
130,25950,66484,101765,0
249,25985,66468,110634,0
346,25881,66464,93538,0
324,25909,66426,108769,0
220,25816,66671,102017,0
148,25821,66667,100021,0
272,26071,66621,95610,0
327,26057,66615,60538,0
4,26232,66430,125782,0
83,25427,66525,101553,0
252,25382,66670,88801,0
147,25385,66658,12710,0
280,26052,66264,109149,0
20,25867,66530,109719,0
336,25863,66536,109268,0
7,25911,66621,115927,0
60,25877,66619,114050,0
286,25962,66395,116065,0
201,25982,66372,114045,0
319,25872,66317,96390,0
305,25861,66304,93294,0
196,25861,66528,105929,0
123,25890,66545,104619,0
185,25883,66556,112196,0
77,25884,66570,123878,0
84,25914,66569,105717,0
70,25763,66304,49204,0
169,25778,66312,94374,0
271,25736,66181,80052,0
260,25737,66177,82779,0
241,25406,66491,110116,0
207,25423,66563,84902,0
31,25429,66577,79913,0
291,25646,66718,108824,0
79,25766,66707,107601,0
330,25819,66728,110272,0
203,25468,66859,81473,0
274,25483,66861,80872,0
258,25418,66978,111133,0
197,25440,66943,33986,0
53,25955,66625,107554,0
106,25881,66464,95006,0
175,25827,66565,112363,0
52,25823,66562,107830,0
192,25847,66537,105815,0
69,25831,66509,108059,0
190,25901,66524,108183,0
112,25911,66514,108431,0
57,25910,66478,103884,0
63,25881,66464,96437,0
82,25668,66592,108923,0
101,25939,66291,112518,0
99,25934,66239,97417,0
194,25909,66254,17296,0
140,25744,66118,-89630,0
188,25758,66101,48604,0
341,25610,66330,89858,0
87,25655,66322,97618,0
213,25564,66610,109067,0
338,25442,66655,98974,0
66,25402,66617,70081,0
23,25308,66576,118130,0
